/font/Monospaced/BOLD/32/0xFFFFFF/glyphs.png
48 0 0 19 37 8
49 19 0 38 37 8
50 38 0 57 37 8
51 57 0 76 37 8
52 76 0 95 37 8
53 95 0 114 37 8
54 114 0 133 37 8
55 133 0 152 37 8
56 152 0 171 37 8
57 171 0 190 37 8
97 0 40 19 77 8
98 19 40 38 77 8
99 38 40 57 77 8
100 57 40 76 77 8
101 76 40 95 77 8
102 95 40 114 77 8
103 114 40 133 77 8
104 133 40 152 77 8
105 152 40 171 77 8
106 171 40 190 77 8
107 0 80 19 117 8
108 19 80 38 117 8
109 38 80 57 117 8
110 57 80 76 117 8
111 76 80 95 117 8
112 95 80 114 117 8
113 114 80 133 117 8
114 133 80 152 117 8
115 152 80 171 117 8
116 171 80 190 117 8
117 0 120 19 157 8
118 19 120 38 157 8
119 38 120 57 157 8
120 57 120 76 157 8
121 76 120 95 157 8
122 95 120 114 157 8
65 114 120 133 157 8
66 133 120 152 157 8
67 152 120 171 157 8
69 171 120 190 157 8
68 0 160 19 197 8
70 19 160 38 197 8
71 38 160 57 197 8
72 57 160 76 197 8
73 76 160 95 197 8
74 95 160 114 197 8
75 114 160 133 197 8
76 133 160 152 197 8
77 152 160 171 197 8
78 171 160 190 197 8
79 0 200 19 237 8
80 19 200 38 237 8
81 38 200 57 237 8
82 57 200 76 237 8
83 76 200 95 237 8
84 95 200 114 237 8
85 114 200 133 237 8
86 133 200 152 237 8
87 152 200 171 237 8
88 171 200 190 237 8
89 0 240 19 277 8
90 19 240 38 277 8
32 38 240 57 277 8
96 57 240 76 277 8
126 76 240 95 277 8
33 95 240 114 277 8
64 114 240 133 277 8
35 133 240 152 277 8
36 152 240 171 277 8
37 171 240 190 277 8
94 0 280 19 317 8
38 19 280 38 317 8
42 38 280 57 317 8
40 57 280 76 317 8
41 76 280 95 317 8
95 95 280 114 317 8
43 114 280 133 317 8
45 133 280 152 317 8
61 152 280 171 317 8
91 171 280 190 317 8
93 0 320 19 357 8
123 19 320 38 357 8
125 38 320 57 357 8
92 57 320 76 357 8
124 76 320 95 357 8
59 95 320 114 357 8
58 114 320 133 357 8
39 133 320 152 357 8
34 152 320 171 357 8
60 171 320 190 357 8
44 0 360 19 397 8
62 19 360 38 397 8
46 38 360 57 397 8
63 57 360 76 397 8
47 76 360 95 397 8
