/font/Monospaced/BOLD/64/0xFF0000/glyphs.png
48 0 0 39 74 16
49 39 0 78 74 16
50 78 0 117 74 16
51 117 0 156 74 16
52 156 0 195 74 16
53 195 0 234 74 16
54 234 0 273 74 16
55 273 0 312 74 16
56 312 0 351 74 16
57 351 0 390 74 16
97 0 78 39 152 16
98 39 78 78 152 16
99 78 78 117 152 16
100 117 78 156 152 16
101 156 78 195 152 16
102 195 78 234 152 16
103 234 78 273 152 16
104 273 78 312 152 16
105 312 78 351 152 16
106 351 78 390 152 16
107 0 156 39 230 16
108 39 156 78 230 16
109 78 156 117 230 16
110 117 156 156 230 16
111 156 156 195 230 16
112 195 156 234 230 16
113 234 156 273 230 16
114 273 156 312 230 16
115 312 156 351 230 16
116 351 156 390 230 16
117 0 234 39 308 16
118 39 234 78 308 16
119 78 234 117 308 16
120 117 234 156 308 16
121 156 234 195 308 16
122 195 234 234 308 16
65 234 234 273 308 16
66 273 234 312 308 16
67 312 234 351 308 16
69 351 234 390 308 16
68 0 312 39 386 16
70 39 312 78 386 16
71 78 312 117 386 16
72 117 312 156 386 16
73 156 312 195 386 16
74 195 312 234 386 16
75 234 312 273 386 16
76 273 312 312 386 16
77 312 312 351 386 16
78 351 312 390 386 16
79 0 390 39 464 16
80 39 390 78 464 16
81 78 390 117 464 16
82 117 390 156 464 16
83 156 390 195 464 16
84 195 390 234 464 16
85 234 390 273 464 16
86 273 390 312 464 16
87 312 390 351 464 16
88 351 390 390 464 16
89 0 468 39 542 16
90 39 468 78 542 16
32 78 468 117 542 16
96 117 468 156 542 16
126 156 468 195 542 16
33 195 468 234 542 16
64 234 468 273 542 16
35 273 468 312 542 16
36 312 468 351 542 16
37 351 468 390 542 16
94 0 546 39 620 16
38 39 546 78 620 16
42 78 546 117 620 16
40 117 546 156 620 16
41 156 546 195 620 16
95 195 546 234 620 16
43 234 546 273 620 16
45 273 546 312 620 16
61 312 546 351 620 16
91 351 546 390 620 16
93 0 624 39 698 16
123 39 624 78 698 16
125 78 624 117 698 16
92 117 624 156 698 16
124 156 624 195 698 16
59 195 624 234 698 16
58 234 624 273 698 16
39 273 624 312 698 16
34 312 624 351 698 16
60 351 624 390 698 16
44 0 702 39 776 16
62 39 702 78 776 16
46 78 702 117 776 16
63 117 702 156 776 16
47 156 702 195 776 16
