/font/Monospaced/BOLD/48/0x000000/glyphs.png
48 0 0 29 55 12
49 29 0 58 55 12
50 58 0 87 55 12
51 87 0 116 55 12
52 116 0 145 55 12
53 145 0 174 55 12
54 174 0 203 55 12
55 203 0 232 55 12
56 232 0 261 55 12
57 261 0 290 55 12
97 0 59 29 114 12
98 29 59 58 114 12
99 58 59 87 114 12
100 87 59 116 114 12
101 116 59 145 114 12
102 145 59 174 114 12
103 174 59 203 114 12
104 203 59 232 114 12
105 232 59 261 114 12
106 261 59 290 114 12
107 0 118 29 173 12
108 29 118 58 173 12
109 58 118 87 173 12
110 87 118 116 173 12
111 116 118 145 173 12
112 145 118 174 173 12
113 174 118 203 173 12
114 203 118 232 173 12
115 232 118 261 173 12
116 261 118 290 173 12
117 0 177 29 232 12
118 29 177 58 232 12
119 58 177 87 232 12
120 87 177 116 232 12
121 116 177 145 232 12
122 145 177 174 232 12
65 174 177 203 232 12
66 203 177 232 232 12
67 232 177 261 232 12
69 261 177 290 232 12
68 0 236 29 291 12
70 29 236 58 291 12
71 58 236 87 291 12
72 87 236 116 291 12
73 116 236 145 291 12
74 145 236 174 291 12
75 174 236 203 291 12
76 203 236 232 291 12
77 232 236 261 291 12
78 261 236 290 291 12
79 0 295 29 350 12
80 29 295 58 350 12
81 58 295 87 350 12
82 87 295 116 350 12
83 116 295 145 350 12
84 145 295 174 350 12
85 174 295 203 350 12
86 203 295 232 350 12
87 232 295 261 350 12
88 261 295 290 350 12
89 0 354 29 409 12
90 29 354 58 409 12
32 58 354 87 409 12
96 87 354 116 409 12
126 116 354 145 409 12
33 145 354 174 409 12
64 174 354 203 409 12
35 203 354 232 409 12
36 232 354 261 409 12
37 261 354 290 409 12
94 0 413 29 468 12
38 29 413 58 468 12
42 58 413 87 468 12
40 87 413 116 468 12
41 116 413 145 468 12
95 145 413 174 468 12
43 174 413 203 468 12
45 203 413 232 468 12
61 232 413 261 468 12
91 261 413 290 468 12
93 0 472 29 527 12
123 29 472 58 527 12
125 58 472 87 527 12
92 87 472 116 527 12
124 116 472 145 527 12
59 145 472 174 527 12
58 174 472 203 527 12
39 203 472 232 527 12
34 232 472 261 527 12
60 261 472 290 527 12
44 0 531 29 586 12
62 29 531 58 586 12
46 58 531 87 586 12
63 87 531 116 586 12
47 116 531 145 586 12
