/font/SansSerif/BOLD/16/0x000000/glyphs.png
48 0 0 11 18 4
49 32 0 43 18 4
50 64 0 75 18 4
51 96 0 107 18 4
52 128 0 139 18 4
53 160 0 171 18 4
54 192 0 203 18 4
55 224 0 235 18 4
56 256 0 267 18 4
57 288 0 299 18 4
97 0 21 10 39 4
98 32 21 43 39 4
99 64 21 74 39 4
100 96 21 107 39 4
101 128 21 139 39 4
102 160 21 167 39 4
103 192 21 203 39 4
104 224 21 235 39 4
105 256 21 260 39 4
106 288 21 292 39 4
107 0 42 11 60 4
108 32 42 36 60 4
109 64 42 80 60 4
110 96 42 107 60 4
111 128 42 139 60 4
112 160 42 171 60 4
113 192 42 203 60 4
114 224 42 232 60 4
115 256 42 266 60 4
116 288 42 296 60 4
117 0 63 11 81 4
118 32 63 42 81 4
119 64 63 79 81 4
120 96 63 106 81 4
121 128 63 138 81 4
122 160 63 169 81 4
65 192 63 204 81 4
66 224 63 236 81 4
67 256 63 268 81 4
69 288 63 298 81 4
68 0 84 13 102 4
70 32 84 42 102 4
71 64 84 77 102 4
72 96 84 108 102 4
73 128 84 134 102 4
74 160 84 166 102 4
75 192 84 203 102 4
76 224 84 234 102 4
77 256 84 272 102 4
78 288 84 301 102 4
79 0 105 14 123 4
80 32 105 44 123 4
81 64 105 78 123 4
82 96 105 108 123 4
83 128 105 139 123 4
84 160 105 171 123 4
85 192 105 204 123 4
86 224 105 236 123 4
87 256 105 274 123 4
88 288 105 300 123 4
89 0 126 12 144 4
90 32 126 44 144 4
32 64 126 70 144 4
96 96 126 104 144 4
126 128 126 141 144 4
33 160 126 167 144 4
64 192 126 208 144 4
35 224 126 237 144 4
36 256 126 267 144 4
37 288 126 304 144 4
94 0 147 13 165 4
38 32 147 46 165 4
42 64 147 72 165 4
40 96 147 103 165 4
41 128 147 135 165 4
95 160 147 168 165 4
43 192 147 205 165 4
45 224 147 231 165 4
61 256 147 269 165 4
91 288 147 295 165 4
93 0 168 7 186 4
123 32 168 43 186 4
125 64 168 75 186 4
92 96 168 102 186 4
124 128 168 134 186 4
59 160 168 166 186 4
58 192 168 198 186 4
39 224 168 229 186 4
34 256 168 264 186 4
60 288 168 301 186 4
44 0 189 6 207 4
62 32 189 45 207 4
46 64 189 70 207 4
63 96 189 105 207 4
47 128 189 134 207 4
