/font/SansSerif/BOLD/32/0x000000/glyphs.png
48 0 0 22 37 8
49 65 0 87 37 8
50 130 0 152 37 8
51 195 0 217 37 8
52 260 0 282 37 8
53 325 0 347 37 8
54 390 0 412 37 8
55 455 0 477 37 8
56 520 0 542 37 8
57 585 0 607 37 8
97 0 40 22 77 8
98 65 40 88 77 8
99 130 40 149 77 8
100 195 40 218 77 8
101 260 40 282 77 8
102 325 40 339 77 8
103 390 40 413 77 8
104 455 40 478 77 8
105 520 40 531 77 8
106 585 40 596 77 8
107 0 80 21 117 8
108 65 80 76 117 8
109 130 80 163 117 8
110 195 80 218 117 8
111 260 80 282 117 8
112 325 80 348 117 8
113 390 80 413 117 8
114 455 80 471 117 8
115 520 80 539 117 8
116 585 80 600 117 8
117 0 120 23 157 8
118 65 120 86 157 8
119 130 120 160 157 8
120 195 120 216 157 8
121 260 120 281 157 8
122 325 120 344 157 8
65 390 120 415 157 8
66 455 120 479 157 8
67 520 120 543 157 8
69 585 120 607 157 8
68 0 160 27 197 8
70 65 160 87 197 8
71 130 160 156 197 8
72 195 160 222 197 8
73 260 160 272 197 8
74 325 160 337 197 8
75 390 160 415 197 8
76 455 160 475 197 8
77 520 160 552 197 8
78 585 160 612 197 8
79 0 200 27 237 8
80 65 200 88 237 8
81 130 200 157 237 8
82 195 200 220 237 8
83 260 200 283 237 8
84 325 200 347 237 8
85 390 200 416 237 8
86 455 200 480 237 8
87 520 200 555 237 8
88 585 200 610 237 8
89 0 240 23 277 8
90 65 240 88 277 8
32 130 240 141 277 8
96 195 240 211 277 8
126 260 240 287 277 8
33 325 240 340 277 8
64 390 240 422 277 8
35 455 240 482 277 8
36 520 240 542 277 8
37 585 240 617 277 8
94 0 280 27 317 8
38 65 280 93 317 8
42 130 280 147 317 8
40 195 280 210 317 8
41 260 280 275 317 8
95 325 280 341 317 8
43 390 280 417 317 8
45 455 280 468 317 8
61 520 280 547 317 8
91 585 280 600 317 8
93 0 320 15 357 8
123 65 320 88 357 8
125 130 320 153 357 8
92 195 320 207 357 8
124 260 320 272 357 8
59 325 320 338 357 8
58 390 320 403 357 8
39 455 320 465 357 8
34 520 320 537 357 8
60 585 320 612 357 8
44 0 360 12 397 8
62 65 360 92 397 8
46 130 360 142 397 8
63 195 360 214 397 8
47 260 360 272 397 8
