/font/SansSerif/BOLD/64/0xFFFFFF/glyphs.png
48 0 0 45 74 16
49 129 0 174 74 16
50 258 0 303 74 16
51 387 0 432 74 16
52 516 0 561 74 16
53 645 0 690 74 16
54 774 0 819 74 16
55 903 0 948 74 16
56 1032 0 1077 74 16
57 1161 0 1206 74 16
97 0 78 43 152 16
98 129 78 175 152 16
99 258 78 296 152 16
100 387 78 433 152 16
101 516 78 559 152 16
102 645 78 673 152 16
103 774 78 820 152 16
104 903 78 949 152 16
105 1032 78 1054 152 16
106 1161 78 1183 152 16
107 0 156 43 230 16
108 129 156 151 230 16
109 258 156 325 230 16
110 387 156 433 230 16
111 516 156 560 230 16
112 645 156 691 230 16
113 774 156 820 230 16
114 903 156 935 230 16
115 1032 156 1070 230 16
116 1161 156 1192 230 16
117 0 234 46 308 16
118 129 234 171 308 16
119 258 234 317 308 16
120 387 234 428 308 16
121 516 234 558 308 16
122 645 234 682 308 16
65 774 234 824 308 16
66 903 234 952 308 16
67 1032 234 1079 308 16
69 1161 234 1205 308 16
68 0 312 53 386 16
70 129 312 173 386 16
71 258 312 311 386 16
72 387 312 441 386 16
73 516 312 540 386 16
74 645 312 669 386 16
75 774 312 824 386 16
76 903 312 944 386 16
77 1032 312 1096 386 16
78 1161 312 1215 386 16
79 0 390 54 464 16
80 129 390 176 464 16
81 258 390 312 464 16
82 387 390 436 464 16
83 516 390 562 464 16
84 645 390 689 464 16
85 774 390 826 464 16
86 903 390 953 464 16
87 1032 390 1103 464 16
88 1161 390 1210 464 16
89 0 468 46 542 16
90 129 468 175 542 16
32 258 468 280 542 16
96 387 468 419 542 16
126 516 468 570 542 16
33 645 468 674 542 16
64 774 468 838 542 16
35 903 468 957 542 16
36 1032 468 1077 542 16
37 1161 468 1225 542 16
94 0 546 54 620 16
38 129 546 185 620 16
42 258 546 291 620 16
40 387 546 416 620 16
41 516 546 545 620 16
95 645 546 677 620 16
43 774 546 828 620 16
45 903 546 930 620 16
61 1032 546 1086 620 16
91 1161 546 1190 620 16
93 0 624 29 698 16
123 129 624 175 698 16
125 258 624 304 698 16
92 387 624 410 698 16
124 516 624 539 698 16
59 645 624 671 698 16
58 774 624 800 698 16
39 903 624 923 698 16
34 1032 624 1065 698 16
60 1161 624 1215 698 16
44 0 702 24 776 16
62 129 702 183 776 16
46 258 702 282 776 16
63 387 702 424 776 16
47 516 702 539 776 16
